387.1 387.1 774.1 
387.1 387.1 387.1 387.1 
193.6 193.6 193.6 193.6 193.6 193.6 193.6 193.6 
193.6 96.8 96.8 193.6 193.6 774.1 
387.1 387.1 774.1 
387.1 387.1 387.1 387.1 
193.6 193.6 193.6 193.6 193.6 193.6 193.6 193.6 
193.6 96.8 96.8 193.6 193.6 96.8 290.4 193.6 193.6 
387.1 387.1 774.1 
387.1 387.1 387.1 387.1 
193.6 193.6 96.8 96.8 96.8 96.8 96.8 96.8 96.8 96.8 96.8 96.8 96.8 96.8 
96.8 96.8 96.8 96.8 96.8 96.8 96.8 96.8 96.8 96.8 96.8 96.8 96.8 96.8 96.8 96.8 
387.1 387.1 774.1 
387.1 387.1 387.1 387.1 
193.6 193.6 96.8 96.8 96.8 96.8 96.8 96.8 96.8 96.8 96.8 96.8 96.8 96.8 
96.8 96.8 96.8 96.8 96.8 96.8 96.8 96.8 96.8 96.8 96.8 96.8 96.8 96.8 96.8 96.8 
193.6 193.6 193.6 193.6 193.6 580.6 
96.8 96.8 96.8 96.8 96.8 96.8 96.8 96.8 96.8 96.8 96.8 96.8 96.8 96.8 96.8 96.8 
96.8 96.8 96.8 96.8 96.8 96.8 96.8 96.8 96.8 96.8 96.8 96.8 96.8 96.8 96.8 96.8 
96.8 96.8 96.8 96.8 96.8 96.8 96.8 96.8 96.8 96.8 96.8 96.8 96.8 96.8 193.6 
193.6 193.6 193.6 193.6 193.6 590.6