136.364 136.364 136.364 136.364 136.364 
409.091 136.364 136.364 136.364 136.364 136.364 409.091 136.364 136.364 136.364 136.364 136.364 
272.727 272.727 272.727 272.727 272.727 136.364 136.364 136.364 136.364 136.364 
409.091 136.364 136.364 136.364 136.364 136.364 409.091 136.364 136.364 136.364 136.364 136.364 
272.727 272.727 272.727 272.727 409.091 136.364 136.364 136.364 136.364 136.364 
409.091 136.364 136.364 136.364 136.364 136.364 409.091 136.364 136.364 136.364 136.364 136.364 
272.727 272.727 272.727 272.727 409.091 136.364 136.364 136.364 136.364 136.364 
409.091 136.364 136.364 136.364 136.364 136.364 409.091 136.364 136.364 136.364 136.364 136.364 
272.727 272.727 272.727 272.727 545.455 545.455 
272.727 272.727 272.727 136.364 136.364 136.364 136.364 272.727 272.727 272.727 
272.727 272.727 272.727 136.364 136.364 136.364 136.364 272.727 272.727 272.727 
272.727 272.727 272.727 136.364 136.364 136.364 136.364 272.727 272.727 272.727 
272.727 272.727 272.727 136.364 136.364 136.364 136.364 272.727 272.727 272.727 
272.727 272.727 272.727 136.364 136.364 136.364 136.364 272.727 272.727 272.727 
272.727 272.727 272.727 136.364 136.364 136.364 136.364 272.727 272.727 272.727 
272.727 272.727 136.364 136.364 136.364 136.364 272.727 272.727 136.364 136.364 136.364 136.364 
272.727 272.727 272.727 272.727 272.727 
136.364 136.364 136.364 136.364 136.364 
409.091 136.364 136.364 136.364 136.364 136.364 409.091 136.364 136.364 136.364 136.364 136.364 
272.727 272.727 272.727 272.727 272.727 136.364 136.364 136.364 136.364 136.364 
409.091 136.364 136.364 136.364 136.364 136.364 409.091 136.364 136.364 136.364 136.364 136.364 
272.727 272.727 272.727 272.727 409.091 136.364 136.364 136.364 136.364 136.364 
409.091 136.364 136.364 136.364 136.364 136.364 409.091 136.364 136.364 136.364 136.364 136.364 
272.727 272.727 272.727 272.727 409.091 136.364 136.364 136.364 136.364 136.364 
409.091 136.364 136.364 136.364 136.364 136.364 409.091 136.364 136.364 136.364 136.364 136.364 
272.727 272.727 272.727 272.727 545.455 545.455 
272.727 272.727 272.727 136.364 136.364 136.364 136.364 272.727 272.727 272.727 
272.727 272.727 272.727 136.364 136.364 136.364 136.364 272.727 272.727 272.727 
272.727 272.727 272.727 136.364 136.364 136.364 136.364 272.727 272.727 272.727 
272.727 272.727 272.727 136.364 136.364 136.364 136.364 272.727 272.727 272.727 
272.727 272.727 272.727 136.364 136.364 136.364 136.364 272.727 272.727 272.727 
272.727 272.727 272.727 136.364 136.364 136.364 136.364 272.727 272.727 272.727 
272.727 272.727 136.364 136.364 136.364 136.364 272.727 272.727 136.364 136.364 136.364 136.364 
272.727 272.727 272.727 272.727 272.727 272.727 136.364 136.364 136.364 136.364 136.364 
409.091 136.364 136.364 136.364 136.364 136.364 409.091 136.364 136.364 136.364 136.364 136.364 
272.727 272.727 272.727 272.727 409.091 136.364 136.364 136.364 136.364 136.364 
409.091 136.364 136.364 136.364 136.364 136.364 409.091 136.364 136.364 136.364 136.364 136.364 
272.727 272.727 272.727 272.727 409.091 136.364 136.364 136.364 136.364 136.364 
409.091 136.364 136.364 136.364 136.364 136.364 409.091 136.364 136.364 136.364 136.364 136.364 
272.727 272.727 272.727 272.727 409.091 136.364 136.364 136.364 136.364 136.364 
409.091 136.364 136.364 136.364 136.364 136.364 409.091 136.364 136.364 136.364 136.364 136.364 
272.727 272.727 272.727 272.727 545.455 545.455 
272.727 272.727 272.727 136.364 136.364 136.364 136.364 272.727 272.727 272.727 
272.727 272.727 272.727 136.364 136.364 136.364 136.364 272.727 272.727 272.727 
272.727 272.727 272.727 136.364 136.364 136.364 136.364 272.727 272.727 272.727 
272.727 272.727 272.727 136.364 136.364 136.364 136.364 272.727 272.727 272.727 
272.727 272.727 272.727 136.364 136.364 136.364 136.364 272.727 272.727 272.727 
272.727 272.727 272.727 136.364 136.364 136.364 136.364 272.727 272.727 272.727 
272.727 272.727 136.364 136.364 136.364 136.364 272.727 272.727 136.364 136.364 136.364 136.364 
409.091 409.091 409.091 409.091 1090.90