375 125 375 125 375 
125 375 125 375 125 
375 125 375 125 375 
125 375 125 375 125 
375 125 375 125 375 
125 375 125 375 125 
375 125 375 125 375 
125 375 125 375 125 
375 125 375 125 375 
125 375 125 375 125 
375 125 375 125 375 
125 375 125 375 125 
375 125 375 125 375 
125 375 125 375 125 
375 125 375 125 375 
125 375 125 375 125 
375 125 375 125 375 
125 375 125 375 125 
375 125 375 125 375 
125 375 125 375 125 
375 125 375 125 375 
125 375 125 375 125 
375 125 375 125 375 
125 375 125 375 125